------
 G1MM 
------

number of G1MM chunks = 0x1

MATRIX[0x00]
 HEADER
  chunkname = 0x47314d4d
  chunkvers = 0x30303230
  chunksize = 0x00001a90
  matrix[0x00] = <0, 0, 1, 0> <1, 0, 0, 0> <0, 1, 0, 0> <-13, 0, 0, 1>
  matrix[0x01] = <0, 0, -1, 0> <-1, 0, 0, 0> <0, 1, 0, 0> <-69.8, -0.1, -25, 1>
  matrix[0x02] = <0, 0, -1, 0> <-1, 0, 0, 0> <0, 1, 0, 0> <-69.8, -0.1, 25, 1>
  matrix[0x03] = <0, 0, -1, 0> <-1, 0, 0, 0> <0, 1, 0, 0> <0, 0, 0, 1>
  matrix[0x04] = <0, 0, 1, 0> <1, 0, 0, 0> <0, 1, 0, 0> <-44, 0, 0, 1>
  matrix[0x05] = <0, 0, 1, 0> <-0.807091, -0.590427, 0, 0> <0.590427, -0.807091, 0, 0> <-115.312, -84.2322, 25, 1>
  matrix[0x06] = <0, 0, 1, 0> <-0.807091, -0.590427, 0, 0> <0.590427, -0.807091, 0, 0> <-115.312, -84.2322, -25, 1>
  matrix[0x07] = <-1, 0, 0, 0> <0, 0, -1, 0> <0, -1, 0, 0> <-73, -2.3, 31.8, 1>
  matrix[0x08] = <1, 0, 0, 0> <0, 0, 1, 0> <0, -1, 0, 0> <-73, -2.29999, -31.8, 1>
  matrix[0x09] = <-1, 0, 0, 0> <0, 1, 0, 0> <0, 0, -1, 0> <-118.916, -33.4343, -1.22124, 1>
  matrix[0x0a] = <1, 0, 0, 0> <0, 1, 0, 0> <0, 0, 1, 0> <-118.916, -33.4343, 1.22124, 1>
  matrix[0x0b] = <-1, 0, 0, 0> <0, -1, 0, 0> <0, 0, 1, 0> <-40, 31.8, 2.30001, 1>
  matrix[0x0c] = <1, 0, 0, 0> <0, 1, 0, 0> <0, 0, 1, 0> <-40, -31.8, 2.29999, 1>
  matrix[0x0d] = <0, 0, 1, 0> <0, -1, 0, 0> <1, 0, 0, 0> <-11.3181, -158.135, 25, 1>
  matrix[0x0e] = <0, 0, -1, 0> <-1, 0, 0, 0> <0, 1, 0, 0> <-18.3, -0.1, -25, 1>
  matrix[0x0f] = <0, 0, 1, 0> <0, -1, 0, 0> <1, 0, 0, 0> <-11.3181, -158.135, -25, 1>
  matrix[0x10] = <0, 0, -1, 0> <-1, 0, 0, 0> <0, 1, 0, 0> <-18.3, -0.1, 25, 1>
  matrix[0x11] = <-1, 0, 0, 0> <0, 1, 0, 0> <0, 0, -1, 0> <-108.593, -29.901, 2.83863, 1>
  matrix[0x12] = <-1, 0, 0, 0> <0, 0, 1, 0> <0, 1, 0, 0> <-104, 2.3, -31.8, 1>
  matrix[0x13] = <1, 0, 0, 0> <0, 1, 0, 0> <0, 0, 1, 0> <-108.593, -29.901, -2.83866, 1>
  matrix[0x14] = <1, 0, 0, 0> <0, 0, -1, 0> <0, 1, 0, 0> <-104, 2.29998, 31.8, 1>
  matrix[0x15] = <0, 0, -1, 0> <0, 1, 0, 0> <1, 0, 0, 0> <0.05, 1.5, -29.4, 1>
  matrix[0x16] = <1, 0, 0, 0> <0, 1, 0, 0> <0, 0, 1, 0> <14.5045, 6.47956, -24.2017, 1>
  matrix[0x17] = <0, 0, -1, 0> <0, 1, 0, 0> <1, 0, 0, 0> <0.05, 1.5, 29.4, 1>
  matrix[0x18] = <1, 0, 0, 0> <0, 1, 0, 0> <0, 0, 1, 0> <-14.5045, 6.47956, -24.2018, 1>
  matrix[0x19] = <-1, 0, 0, 0> <0, 1, 0, 0> <0, 0, -1, 0> <-118.916, -33.4343, 2.38191, 1>
  matrix[0x1a] = <1, 0, 0, 0> <0, 1, 0, 0> <0, 0, 1, 0> <-118.916, -33.4343, -2.3819, 1>
  matrix[0x1b] = <-1, 0, 0, 0> <0, 0, -1, 0> <0, -1, 0, 0> <-40, -2.3, 31.8, 1>
  matrix[0x1c] = <-1, 0, 0, 0> <0, -1, 0, 0> <0, 0, 1, 0> <-27, 31.8, 2.30001, 1>
  matrix[0x1d] = <1, 0, 0, 0> <0, 0, 1, 0> <0, -1, 0, 0> <-40, -2.29999, -31.8, 1>
  matrix[0x1e] = <1, 0, 0, 0> <0, 1, 0, 0> <0, 0, 1, 0> <-27, -31.8, 2.29999, 1>
  matrix[0x1f] = <0, 0, 1, 0> <1, 0, 0, 0> <0, 1, 0, 0> <0, 0, 0, 1>
  matrix[0x20] = <0.334546, 0.222751, -0.915675, 0> <0.207912, 0.930274, 0.302264, 0> <0.919158, -0.291501, 0.264907, 0> <-1.05986, -37.1015, -114.508, 1>
  matrix[0x21] = <0.883964, -0.0938739, 0.458034, 0> <0.119206, 0.992512, -0.0266425, 0> <-0.452104, 0.0781516, 0.888535, 0> <25.4495, -69.3496, 87.3354, 1>
  matrix[0x22] = <-0.334546, -0.222751, -0.915675, 0> <0.207912, 0.930274, -0.302264, 0> <0.919158, -0.291501, -0.264907, 0> <-1.05986, -37.1015, 114.508, 1>
  matrix[0x23] = <-0.883964, 0.0938737, 0.458034, 0> <0.119206, 0.992512, 0.0266426, 0> <-0.452103, 0.0781516, -0.888535, 0> <25.4495, -69.3496, -87.3354, 1>
  matrix[0x24] = <0.334546, -0.342742, -0.877842, 0> <0.207912, 0.935407, -0.285983, 0> <0.919158, -0.0868391, 0.384197, 0> <-1.05986, -63.8884, -22.3163, 1>
  matrix[0x25] = <0.883964, -0.24487, 0.398305, 0> <0.119206, 0.941768, 0.314423, 0> <-0.452104, -0.230458, 0.861679, 0> <25.4495, -62.8556, 8.14711, 1>
  matrix[0x26] = <-0.334546, 0.342742, -0.877842, 0> <0.207912, 0.935407, 0.285983, 0> <0.919158, -0.0868392, -0.384197, 0> <-1.05986, -63.8884, 22.3163, 1>
  matrix[0x27] = <-0.883964, 0.244869, 0.398305, 0> <0.119206, 0.941769, -0.314423, 0> <-0.452103, -0.230458, -0.861679, 0> <25.4495, -62.8555, -8.14712, 1>
  matrix[0x28] = <0.334546, 0.193744, -0.922248, 0> <0.207912, 0.939349, 0.272757, 0> <0.919158, -0.282996, 0.273974, 0> <-1.05986, 135.718, -118.453, 1>
  matrix[0x29] = <0.883964, -0.108281, 0.454844, 0> <0.119206, 0.992858, 0.00469141, 0> <-0.452104, 0.0500732, 0.890559, 0> <25.4495, 104.343, 90.2764, 1>
  matrix[0x2a] = <-0.334546, -0.193745, -0.922248, 0> <0.207912, 0.939349, -0.272757, 0> <0.919158, -0.282996, -0.273974, 0> <-1.05986, 135.718, 118.453, 1>
  matrix[0x2b] = <-0.883964, 0.108281, 0.454844, 0> <0.119206, 0.992858, -0.00469128, 0> <-0.452103, 0.0500733, -0.890559, 0> <25.4495, 104.343, -90.2764, 1>
  matrix[0x2c] = <0.334546, 0.193744, -0.922248, 0> <0.207912, 0.939349, 0.272757, 0> <0.919158, -0.282996, 0.273974, 0> <-1.05986, 93.6706, -118.472, 1>
  matrix[0x2d] = <0.883964, -0.108281, 0.454844, 0> <0.119206, 0.992858, 0.00469141, 0> <-0.452104, 0.0500732, 0.890559, 0> <25.4495, 62.2961, 90.2954, 1>
  matrix[0x2e] = <-0.334546, -0.193745, -0.922248, 0> <0.207912, 0.939349, -0.272757, 0> <0.919158, -0.282996, -0.273974, 0> <-1.05986, 93.6706, 118.472, 1>
  matrix[0x2f] = <-0.883964, 0.108281, 0.454844, 0> <0.119206, 0.992858, -0.00469128, 0> <-0.452103, 0.0500733, -0.890559, 0> <25.4495, 62.2961, -90.2954, 1>
  matrix[0x30] = <-0.0310122, 0.956286, 0.290783, 0> <-0.998029, -0.0455058, 0.0432127, 0> <0.054556, -0.28887, 0.955813, 0> <18.9981, 116.793, 9.74908, 1>
  matrix[0x31] = <0.0812156, 0.926215, 0.368144, 0> <-0.928282, -0.0641944, 0.366293, 0> <0.362899, -0.37149, 0.854575, 0> <18.6514, 116.886, -11.3053, 1>
  matrix[0x32] = <0.0595772, 0.458228, -0.886836, 0> <-0.971018, 0.232601, 0.0549526, 0> <0.23146, 0.85786, 0.458806, 0> <38.195, 83.5183, -41.4555, 1>
  matrix[0x33] = <0.356114, 0.378772, -0.854234, 0> <-0.931029, 0.221886, -0.289743, 0> <0.0797961, 0.898498, 0.431664, 0> <46.7412, 81.2284, -9.2015, 1>
  matrix[0x34] = <0.0310124, -0.956286, 0.290784, 0> <-0.998029, -0.0455061, -0.0432127, 0> <0.0545561, -0.28887, -0.955813, 0> <18.9981, 116.793, -9.74909, 1>
  matrix[0x35] = <-0.0812154, -0.926215, 0.368144, 0> <-0.928282, -0.0641946, -0.366293, 0> <0.362899, -0.37149, -0.854575, 0> <18.6514, 116.886, 11.3053, 1>
  matrix[0x36] = <-0.0595772, -0.458228, -0.886836, 0> <-0.971018, 0.232601, -0.0549527, 0> <0.23146, 0.85786, -0.458806, 0> <38.195, 83.5183, 41.4555, 1>
  matrix[0x37] = <-0.356114, -0.378772, -0.854234, 0> <-0.931029, 0.221886, 0.289743, 0> <0.0797962, 0.898498, -0.431664, 0> <46.7412, 81.2284, 9.20148, 1>
  matrix[0x38] = <0, 0, 1, 0> <1, 0, 0, 0> <0, 1, 0, 0> <-13, 0, 0, 1>
  matrix[0x39] = <0, 0, -1, 0> <-1, 0, 0, 0> <0, 1, 0, 0> <-69.8, -0.1, -25, 1>
  matrix[0x3a] = <0, 0, -1, 0> <-1, 0, 0, 0> <0, 1, 0, 0> <-69.8, -0.1, 25, 1>
  matrix[0x3b] = <0.334546, 0.222751, -0.915675, 0> <0.207912, 0.930274, 0.302264, 0> <0.919158, -0.291501, 0.264907, 0> <-1.05986, -37.1015, -114.508, 1>
  matrix[0x3c] = <0.883964, -0.0938739, 0.458034, 0> <0.119206, 0.992512, -0.0266425, 0> <-0.452104, 0.0781516, 0.888535, 0> <25.4495, -69.3496, 87.3354, 1>
  matrix[0x3d] = <-0.334546, -0.222751, -0.915675, 0> <0.207912, 0.930274, -0.302264, 0> <0.919158, -0.291501, -0.264907, 0> <-1.05986, -37.1015, 114.508, 1>
  matrix[0x3e] = <-0.883964, 0.0938737, 0.458034, 0> <0.119206, 0.992512, 0.0266426, 0> <-0.452103, 0.0781516, -0.888535, 0> <25.4495, -69.3496, -87.3354, 1>
  matrix[0x3f] = <0, 0, -1, 0> <-1, 0, 0, 0> <0, 1, 0, 0> <0, 0, 0, 1>
  matrix[0x40] = <0, 0, 1, 0> <1, 0, 0, 0> <0, 1, 0, 0> <-44, 0, 0, 1>
  matrix[0x41] = <0, 0, 1, 0> <-0.807091, -0.590427, 0, 0> <0.590427, -0.807091, 0, 0> <-115.312, -84.2322, 25, 1>
  matrix[0x42] = <0, 0, 1, 0> <-0.807091, -0.590427, 0, 0> <0.590427, -0.807091, 0, 0> <-115.312, -84.2322, -25, 1>
  matrix[0x43] = <-1, 0, 0, 0> <0, 0, -1, 0> <0, -1, 0, 0> <-73, -2.3, 31.8, 1>
  matrix[0x44] = <1, 0, 0, 0> <0, 0, 1, 0> <0, -1, 0, 0> <-73, -2.29999, -31.8, 1>
  matrix[0x45] = <0.334546, -0.342742, -0.877842, 0> <0.207912, 0.935407, -0.285983, 0> <0.919158, -0.0868391, 0.384197, 0> <-1.05986, -63.8884, -22.3163, 1>
  matrix[0x46] = <0.883964, -0.24487, 0.398305, 0> <0.119206, 0.941768, 0.314423, 0> <-0.452104, -0.230458, 0.861679, 0> <25.4495, -62.8556, 8.14711, 1>
  matrix[0x47] = <-0.334546, 0.342742, -0.877842, 0> <0.207912, 0.935407, 0.285983, 0> <0.919158, -0.0868392, -0.384197, 0> <-1.05986, -63.8884, 22.3163, 1>
  matrix[0x48] = <-0.883964, 0.244869, 0.398305, 0> <0.119206, 0.941769, -0.314423, 0> <-0.452103, -0.230458, -0.861679, 0> <25.4495, -62.8555, -8.14712, 1>
  matrix[0x49] = <-1, 0, 0, 0> <0, -1, 0, 0> <0, 0, 1, 0> <-40, 31.8, 2.30001, 1>
  matrix[0x4a] = <1, 0, 0, 0> <0, 1, 0, 0> <0, 0, 1, 0> <-40, -31.8, 2.29999, 1>
  matrix[0x4b] = <0.334546, 0.193744, -0.922248, 0> <0.207912, 0.939349, 0.272757, 0> <0.919158, -0.282996, 0.273974, 0> <-1.05986, 135.718, -118.453, 1>
  matrix[0x4c] = <0.883964, -0.108281, 0.454844, 0> <0.119206, 0.992858, 0.00469141, 0> <-0.452104, 0.0500732, 0.890559, 0> <25.4495, 104.343, 90.2764, 1>
  matrix[0x4d] = <-0.334546, -0.193745, -0.922248, 0> <0.207912, 0.939349, -0.272757, 0> <0.919158, -0.282996, -0.273974, 0> <-1.05986, 135.718, 118.453, 1>
  matrix[0x4e] = <-0.883964, 0.108281, 0.454844, 0> <0.119206, 0.992858, -0.00469128, 0> <-0.452103, 0.0500733, -0.890559, 0> <25.4495, 104.343, -90.2764, 1>
  matrix[0x4f] = <0, 0, 1, 0> <0, -1, 0, 0> <1, 0, 0, 0> <-11.3181, -158.135, 25, 1>
  matrix[0x50] = <0, 0, -1, 0> <-1, 0, 0, 0> <0, 1, 0, 0> <-18.3, -0.1, -25, 1>
  matrix[0x51] = <0, 0, 1, 0> <0, -1, 0, 0> <1, 0, 0, 0> <-11.3181, -158.135, -25, 1>
  matrix[0x52] = <0, 0, -1, 0> <-1, 0, 0, 0> <0, 1, 0, 0> <-18.3, -0.1, 25, 1>
  matrix[0x53] = <-1, 0, 0, 0> <0, 0, 1, 0> <0, 1, 0, 0> <-104, 2.3, -31.8, 1>
  matrix[0x54] = <1, 0, 0, 0> <0, 0, -1, 0> <0, 1, 0, 0> <-104, 2.29998, 31.8, 1>
  matrix[0x55] = <0, 0, -1, 0> <0, 1, 0, 0> <1, 0, 0, 0> <0.05, 1.5, -29.4, 1>
  matrix[0x56] = <1, 0, 0, 0> <0, 1, 0, 0> <0, 0, 1, 0> <14.5045, 6.47956, -24.2017, 1>
  matrix[0x57] = <0, 0, -1, 0> <0, 1, 0, 0> <1, 0, 0, 0> <0.05, 1.5, 29.4, 1>
  matrix[0x58] = <1, 0, 0, 0> <0, 1, 0, 0> <0, 0, 1, 0> <-14.5045, 6.47956, -24.2018, 1>
  matrix[0x59] = <-0.0310122, 0.956286, 0.290783, 0> <-0.998029, -0.0455058, 0.0432127, 0> <0.054556, -0.28887, 0.955813, 0> <18.9981, 116.793, 9.74908, 1>
  matrix[0x5a] = <0.0812156, 0.926215, 0.368144, 0> <-0.928282, -0.0641944, 0.366293, 0> <0.362899, -0.37149, 0.854575, 0> <18.6514, 116.886, -11.3053, 1>
  matrix[0x5b] = <0.334546, 0.193744, -0.922248, 0> <0.207912, 0.939349, 0.272757, 0> <0.919158, -0.282996, 0.273974, 0> <-1.05986, 93.6706, -118.472, 1>
  matrix[0x5c] = <0.0595772, 0.458228, -0.886836, 0> <-0.971018, 0.232601, 0.0549526, 0> <0.23146, 0.85786, 0.458806, 0> <38.195, 83.5183, -41.4555, 1>
  matrix[0x5d] = <0.356114, 0.378772, -0.854234, 0> <-0.931029, 0.221886, -0.289743, 0> <0.0797961, 0.898498, 0.431664, 0> <46.7412, 81.2284, -9.2015, 1>
  matrix[0x5e] = <0.883964, -0.108281, 0.454844, 0> <0.119206, 0.992858, 0.00469141, 0> <-0.452104, 0.0500732, 0.890559, 0> <25.4495, 62.2961, 90.2954, 1>
  matrix[0x5f] = <-1, 0, 0, 0> <0, 0, -1, 0> <0, -1, 0, 0> <-40, -2.3, 31.8, 1>
  matrix[0x60] = <-1, 0, 0, 0> <0, -1, 0, 0> <0, 0, 1, 0> <-27, 31.8, 2.30001, 1>
  matrix[0x61] = <0.0310124, -0.956286, 0.290784, 0> <-0.998029, -0.0455061, -0.0432127, 0> <0.0545561, -0.28887, -0.955813, 0> <18.9981, 116.793, -9.74909, 1>
  matrix[0x62] = <-0.0812154, -0.926215, 0.368144, 0> <-0.928282, -0.0641946, -0.366293, 0> <0.362899, -0.37149, -0.854575, 0> <18.6514, 116.886, 11.3053, 1>
  matrix[0x63] = <-0.334546, -0.193745, -0.922248, 0> <0.207912, 0.939349, -0.272757, 0> <0.919158, -0.282996, -0.273974, 0> <-1.05986, 93.6706, 118.472, 1>
  matrix[0x64] = <-0.0595772, -0.458228, -0.886836, 0> <-0.971018, 0.232601, -0.0549527, 0> <0.23146, 0.85786, -0.458806, 0> <38.195, 83.5183, 41.4555, 1>
  matrix[0x65] = <-0.356114, -0.378772, -0.854234, 0> <-0.931029, 0.221886, 0.289743, 0> <0.0797962, 0.898498, -0.431664, 0> <46.7412, 81.2284, 9.20148, 1>
  matrix[0x66] = <-0.883964, 0.108281, 0.454844, 0> <0.119206, 0.992858, -0.00469128, 0> <-0.452103, 0.0500733, -0.890559, 0> <25.4495, 62.2961, -90.2954, 1>
  matrix[0x67] = <1, 0, 0, 0> <0, 0, 1, 0> <0, -1, 0, 0> <-40, -2.29999, -31.8, 1>
  matrix[0x68] = <1, 0, 0, 0> <0, 1, 0, 0> <0, 0, 1, 0> <-27, -31.8, 2.29999, 1>
  matrix[0x69] = <0, 0, 1, 0> <1, 0, 0, 0> <0, 1, 0, 0> <0, 0, 0, 1>

-----------
 SKELETONS 
-----------

number of skeletons = 0x2

SKELETON[0x00]
 HEADER
  chunkname = 0x47314d53
  chunkvers = 0x30303332
  chunksize = 0x000000d0
 PARAMETERS
  p01 = 0x000000a0 (offset to joint data)
  p02 = 0x00000000 (????)
  p03 = 0x0001 (number of joints)
  p04 = 0x0040 (number of joint indices)
  p05 = 0x0001 (number of joints under roots?)
  p06 = 0x0000 (0x00)
 JOINT IDENTIFIERS
  id[0x0000] = 0x0000
  id[0x0001] = 0xffff
  id[0x0002] = 0xffff
  id[0x0003] = 0xffff
  id[0x0004] = 0xffff
  id[0x0005] = 0xffff
  id[0x0006] = 0xffff
  id[0x0007] = 0xffff
  id[0x0008] = 0xffff
  id[0x0009] = 0xffff
  id[0x000a] = 0xffff
  id[0x000b] = 0xffff
  id[0x000c] = 0xffff
  id[0x000d] = 0xffff
  id[0x000e] = 0xffff
  id[0x000f] = 0xffff
  id[0x0010] = 0xffff
  id[0x0011] = 0xffff
  id[0x0012] = 0xffff
  id[0x0013] = 0xffff
  id[0x0014] = 0xffff
  id[0x0015] = 0xffff
  id[0x0016] = 0xffff
  id[0x0017] = 0xffff
  id[0x0018] = 0xffff
  id[0x0019] = 0xffff
  id[0x001a] = 0xffff
  id[0x001b] = 0xffff
  id[0x001c] = 0xffff
  id[0x001d] = 0xffff
  id[0x001e] = 0xffff
  id[0x001f] = 0xffff
  id[0x0020] = 0xffff
  id[0x0021] = 0xffff
  id[0x0022] = 0xffff
  id[0x0023] = 0xffff
  id[0x0024] = 0xffff
  id[0x0025] = 0xffff
  id[0x0026] = 0xffff
  id[0x0027] = 0xffff
  id[0x0028] = 0xffff
  id[0x0029] = 0xffff
  id[0x002a] = 0xffff
  id[0x002b] = 0xffff
  id[0x002c] = 0xffff
  id[0x002d] = 0xffff
  id[0x002e] = 0xffff
  id[0x002f] = 0xffff
  id[0x0030] = 0xffff
  id[0x0031] = 0xffff
  id[0x0032] = 0xffff
  id[0x0033] = 0xffff
  id[0x0034] = 0xffff
  id[0x0035] = 0xffff
  id[0x0036] = 0xffff
  id[0x0037] = 0xffff
  id[0x0038] = 0xffff
  id[0x0039] = 0xffff
  id[0x003a] = 0xffff
  id[0x003b] = 0xffff
  id[0x003c] = 0xffff
  id[0x003d] = 0xffff
  id[0x003e] = 0xffff
  id[0x003f] = 0xffff
 JOINT DATA
  joint 0x0000: <3f800000 3f800000 3f800000> <80000000> <00000000 80000000 00000000 3f800000> <00000000 00000000 00000000 3f800000>

SKELETON[0x01]
 HEADER
  chunkname = 0x47314d53
  chunkvers = 0x30303332
  chunksize = 0x000000d0
 PARAMETERS
  p01 = 0x000000a0 (offset to joint data)
  p02 = 0x00000000 (????)
  p03 = 0x0001 (number of joints)
  p04 = 0x0040 (number of joint indices)
  p05 = 0x0001 (number of joints under roots?)
  p06 = 0x0000 (0x00)
 JOINT IDENTIFIERS
  id[0x0000] = 0x0000
  id[0x0001] = 0xffff
  id[0x0002] = 0xffff
  id[0x0003] = 0xffff
  id[0x0004] = 0xffff
  id[0x0005] = 0xffff
  id[0x0006] = 0xffff
  id[0x0007] = 0xffff
  id[0x0008] = 0xffff
  id[0x0009] = 0xffff
  id[0x000a] = 0xffff
  id[0x000b] = 0xffff
  id[0x000c] = 0xffff
  id[0x000d] = 0xffff
  id[0x000e] = 0xffff
  id[0x000f] = 0xffff
  id[0x0010] = 0xffff
  id[0x0011] = 0xffff
  id[0x0012] = 0xffff
  id[0x0013] = 0xffff
  id[0x0014] = 0xffff
  id[0x0015] = 0xffff
  id[0x0016] = 0xffff
  id[0x0017] = 0xffff
  id[0x0018] = 0xffff
  id[0x0019] = 0xffff
  id[0x001a] = 0xffff
  id[0x001b] = 0xffff
  id[0x001c] = 0xffff
  id[0x001d] = 0xffff
  id[0x001e] = 0xffff
  id[0x001f] = 0xffff
  id[0x0020] = 0xffff
  id[0x0021] = 0xffff
  id[0x0022] = 0xffff
  id[0x0023] = 0xffff
  id[0x0024] = 0xffff
  id[0x0025] = 0xffff
  id[0x0026] = 0xffff
  id[0x0027] = 0xffff
  id[0x0028] = 0xffff
  id[0x0029] = 0xffff
  id[0x002a] = 0xffff
  id[0x002b] = 0xffff
  id[0x002c] = 0xffff
  id[0x002d] = 0xffff
  id[0x002e] = 0xffff
  id[0x002f] = 0xffff
  id[0x0030] = 0xffff
  id[0x0031] = 0xffff
  id[0x0032] = 0xffff
  id[0x0033] = 0xffff
  id[0x0034] = 0xffff
  id[0x0035] = 0xffff
  id[0x0036] = 0xffff
  id[0x0037] = 0xffff
  id[0x0038] = 0xffff
  id[0x0039] = 0xffff
  id[0x003a] = 0xffff
  id[0x003b] = 0xffff
  id[0x003c] = 0xffff
  id[0x003d] = 0xffff
  id[0x003e] = 0xffff
  id[0x003f] = 0xffff
 JOINT DATA
  joint 0x0000: <3f800000 3f800000 3f800000> <80000000> <00000000 80000000 00000000 3f800000> <00000000 00000000 00000000 3f800000>

------
 G1MG 
------

number of G1MG chunks = 0x1

-------------------
 MATERIALS SECTION 
 0x00010002        
-------------------

number of materials = 0x4

 MATERIAL 0x00
  p01 = 0x00000000 (???)
  p02 = 0x00000003 (number of textures)
  p03 = 0x00000001 (???)
  p04 = 0xffffffff (???)
  TEXTURE INFO 0x00
   p01 = 0x0000 (texture ID)
   p02 = 0x00000000 (???)
   p02 = 0x00000001 (texture type)
   p03 = 0x0000 (???)
   p04 = 0x0004 (???)
   p05 = 0x0004 (???)
  TEXTURE INFO 0x01
   p01 = 0x0002 (texture ID)
   p02 = 0x00000000 (???)
   p02 = 0x00000002 (texture type)
   p03 = 0x0000 (???)
   p04 = 0x0004 (???)
   p05 = 0x0004 (???)
  TEXTURE INFO 0x02
   p01 = 0x0001 (texture ID)
   p02 = 0x00000000 (???)
   p02 = 0x00000003 (texture type)
   p03 = 0x0000 (???)
   p04 = 0x0004 (???)
   p05 = 0x0004 (???)
 MATERIAL 0x01
  p01 = 0x00000000 (???)
  p02 = 0x00000003 (number of textures)
  p03 = 0x00000001 (???)
  p04 = 0xffffffff (???)
  TEXTURE INFO 0x00
   p01 = 0x0003 (texture ID)
   p02 = 0x00000000 (???)
   p02 = 0x00000001 (texture type)
   p03 = 0x0000 (???)
   p04 = 0x0004 (???)
   p05 = 0x0004 (???)
  TEXTURE INFO 0x01
   p01 = 0x0005 (texture ID)
   p02 = 0x00000000 (???)
   p02 = 0x00000002 (texture type)
   p03 = 0x0000 (???)
   p04 = 0x0004 (???)
   p05 = 0x0004 (???)
  TEXTURE INFO 0x02
   p01 = 0x0004 (texture ID)
   p02 = 0x00000000 (???)
   p02 = 0x00000003 (texture type)
   p03 = 0x0000 (???)
   p04 = 0x0004 (???)
   p05 = 0x0004 (???)
 MATERIAL 0x02
  p01 = 0x00000000 (???)
  p02 = 0x00000003 (number of textures)
  p03 = 0x00000001 (???)
  p04 = 0xffffffff (???)
  TEXTURE INFO 0x00
   p01 = 0x0006 (texture ID)
   p02 = 0x00000000 (???)
   p02 = 0x00000001 (texture type)
   p03 = 0x0000 (???)
   p04 = 0x0004 (???)
   p05 = 0x0004 (???)
  TEXTURE INFO 0x01
   p01 = 0x0008 (texture ID)
   p02 = 0x00000000 (???)
   p02 = 0x00000002 (texture type)
   p03 = 0x0000 (???)
   p04 = 0x0004 (???)
   p05 = 0x0004 (???)
  TEXTURE INFO 0x02
   p01 = 0x0007 (texture ID)
   p02 = 0x00000000 (???)
   p02 = 0x00000003 (texture type)
   p03 = 0x0000 (???)
   p04 = 0x0004 (???)
   p05 = 0x0004 (???)
 MATERIAL 0x03
  p01 = 0x00000000 (???)
  p02 = 0x00000000 (number of textures)
  p03 = 0x00000000 (???)
  p04 = 0xffffffff (???)

--------------------
 ATTRIBUTES SECTION 
 0x00010003         
--------------------

number of entries = 0x4

ENTRY 0x00
 number of attributes = 0x00000002
 ATTRIBUTE 0x0000
  p01 = 0x0028 (length)
  p02 = 0x0008 (string length)
  p03 = 0x0000 (???)
  p04 = 0x0004 (???)
  p05 = 0x0001 (???)
  p06 = cRefl (name)
 ATTRIBUTE 0x0001
  p01 = 0x0028 (length)
  p02 = 0x0008 (string length)
  p03 = 0x0000 (???)
  p04 = 0x0004 (???)
  p05 = 0x0001 (???)
  p06 = cRefIdx (name)

ENTRY 0x01
 number of attributes = 0x00000002
 ATTRIBUTE 0x0000
  p01 = 0x0028 (length)
  p02 = 0x0008 (string length)
  p03 = 0x0000 (???)
  p04 = 0x0004 (???)
  p05 = 0x0001 (???)
  p06 = cRefl (name)
 ATTRIBUTE 0x0001
  p01 = 0x0028 (length)
  p02 = 0x0008 (string length)
  p03 = 0x0000 (???)
  p04 = 0x0004 (???)
  p05 = 0x0001 (???)
  p06 = cRefIdx (name)

ENTRY 0x02
 number of attributes = 0x00000002
 ATTRIBUTE 0x0000
  p01 = 0x0028 (length)
  p02 = 0x0008 (string length)
  p03 = 0x0000 (???)
  p04 = 0x0004 (???)
  p05 = 0x0001 (???)
  p06 = cRefl (name)
 ATTRIBUTE 0x0001
  p01 = 0x0028 (length)
  p02 = 0x0008 (string length)
  p03 = 0x0000 (???)
  p04 = 0x0004 (???)
  p05 = 0x0001 (???)
  p06 = cRefIdx (name)

ENTRY 0x03
 number of attributes = 0x00000000

----------------
 VERTEX BUFFERS 
 0x00010004     
----------------

number of buffers = 0x2

VERTEX BUFFER 0x0
 unknown1 = 0x0
 vertsize = 0x38
 vertices = 0x41db
 unknown2 = 0x0
VERTEX BUFFER 0x1
 unknown1 = 0x0
 vertsize = 0xc
 vertices = 0x659
 unknown2 = 0x0
-------------------
 INPUT LAYOUT DATA 
 0x00010005        
-------------------

number of entries = 0x2

ENTRY 0x0
 number of vertex buffers: 0x1
 number of semantics: 0x6
 REFERENCE 0x0: 0x0000
 SEMANTIC 0x0
  p01: 0x0000 (buffer index)
  p02: 0x0000 (offset)
  p03: 0x0200 (data type)
  p04: 0x0000 (semantic)
 SEMANTIC 0x1
  p01: 0x0000 (buffer index)
  p02: 0x000c (offset)
  p03: 0x0500 (data type)
  p04: 0x0200 (semantic)
 SEMANTIC 0x2
  p01: 0x0000 (buffer index)
  p02: 0x0010 (offset)
  p03: 0x0200 (data type)
  p04: 0x0300 (semantic)
 SEMANTIC 0x3
  p01: 0x0000 (buffer index)
  p02: 0x001c (offset)
  p03: 0x0d00 (data type)
  p04: 0x0a00 (semantic)
 SEMANTIC 0x4
  p01: 0x0000 (buffer index)
  p02: 0x0020 (offset)
  p03: 0x0100 (data type)
  p04: 0x0500 (semantic)
 SEMANTIC 0x5
  p01: 0x0000 (buffer index)
  p02: 0x0028 (offset)
  p03: 0x0300 (data type)
  p04: 0x0600 (semantic)

ENTRY 0x1
 number of vertex buffers: 0x1
 number of semantics: 0x2
 REFERENCE 0x0: 0x0001
 SEMANTIC 0x0
  p01: 0x0000 (buffer index)
  p02: 0x0000 (offset)
  p03: 0x0b00 (data type)
  p04: 0x0000 (semantic)
 SEMANTIC 0x1
  p01: 0x0000 (buffer index)
  p02: 0x0008 (offset)
  p03: 0x0500 (data type)
  p04: 0x0200 (semantic)

----------------
 JOINT MAP DATA 
 0x00010006     
----------------

number of entries = 0x5

ENTRY[0x0]
 number of items = 0x20
 ITEM[0x00]: 00000000 8000 0000 8000 0004 
 ITEM[0x01]: 00000001 8000 0000 8000 0019 
 ITEM[0x02]: 00000002 8000 0000 8000 0015 
 ITEM[0x03]: 00000003 8000 0000 8000 0001 
 ITEM[0x04]: 00000004 8000 0000 8000 0005 
 ITEM[0x05]: 00000005 8000 0000 8000 001a 
 ITEM[0x06]: 00000006 8000 0000 8000 0016 
 ITEM[0x07]: 00000007 8000 0000 8000 0010 
 ITEM[0x08]: 00000008 8000 0000 8000 000a 
 ITEM[0x09]: 00000009 8000 0000 8000 0020 
 ITEM[0x0a]: 0000000a 8000 0000 8000 001d 
 ITEM[0x0b]: 0000000b 8000 0000 8000 000d 
 ITEM[0x0c]: 0000000c 8000 0000 8000 0007 
 ITEM[0x0d]: 0000000d 8000 0000 8000 001b 
 ITEM[0x0e]: 0000000e 8000 0000 8000 0018 
 ITEM[0x0f]: 0000000f 8000 0000 8000 0017 
 ITEM[0x10]: 00000010 8000 0000 8000 0014 
 ITEM[0x11]: 00000011 8000 0000 8000 0021 
 ITEM[0x12]: 00000012 8000 0000 8000 0011 
 ITEM[0x13]: 00000013 8000 0000 8000 001e 
 ITEM[0x14]: 00000014 8000 0000 8000 000b 
 ITEM[0x15]: 00000015 8000 0000 8000 0027 
 ITEM[0x16]: 00000016 8000 0000 8000 0026 
 ITEM[0x17]: 00000017 8000 0000 8000 0024 
 ITEM[0x18]: 00000018 8000 0000 8000 0023 
 ITEM[0x19]: 00000019 8000 0000 8000 001f 
 ITEM[0x1a]: 0000001a 8000 0000 8000 001c 
 ITEM[0x1b]: 0000001b 8000 0000 8000 000e 
 ITEM[0x1c]: 0000001c 8000 0000 8000 000c 
 ITEM[0x1d]: 0000001d 8000 0000 8000 0008 
 ITEM[0x1e]: 0000001e 8000 0000 8000 0006 
 ITEM[0x1f]: 0000001f 8000 0000 8000 0003 
ENTRY[0x1]
 number of items = 0x10
 ITEM[0x00]: 00000020 8000 0000 8000 002d 
 ITEM[0x01]: 00000021 8000 0000 8000 0035 
 ITEM[0x02]: 00000022 8000 0000 8000 0029 
 ITEM[0x03]: 00000023 8000 0000 8000 0031 
 ITEM[0x04]: 00000024 8000 0000 8000 002c 
 ITEM[0x05]: 00000025 8000 0000 8000 0034 
 ITEM[0x06]: 00000026 8000 0000 8000 0028 
 ITEM[0x07]: 00000027 8000 0000 8000 0030 
 ITEM[0x08]: 00000028 8000 0000 8000 002f 
 ITEM[0x09]: 00000029 8000 0000 8000 0037 
 ITEM[0x0a]: 0000002a 8000 0000 8000 002b 
 ITEM[0x0b]: 0000002b 8000 0000 8000 0033 
 ITEM[0x0c]: 0000002c 8000 0000 8000 002e 
 ITEM[0x0d]: 0000002d 8000 0000 8000 0036 
 ITEM[0x0e]: 0000002e 8000 0000 8000 002a 
 ITEM[0x0f]: 0000002f 8000 0000 8000 0032 
ENTRY[0x2]
 number of items = 0x8
 ITEM[0x00]: 00000030 8000 0000 8000 003b 
 ITEM[0x01]: 00000031 8000 0000 8000 003a 
 ITEM[0x02]: 00000032 8000 0000 8000 003f 
 ITEM[0x03]: 00000033 8000 0000 8000 003e 
 ITEM[0x04]: 00000034 8000 0000 8000 0039 
 ITEM[0x05]: 00000035 8000 0000 8000 0038 
 ITEM[0x06]: 00000036 8000 0000 8000 003d 
 ITEM[0x07]: 00000037 8000 0000 8000 003c 
ENTRY[0x3]
 number of items = 0x20
 ITEM[0x00]: 00000038 8000 0000 8000 0004 
 ITEM[0x01]: 00000039 8000 0000 8000 0019 
 ITEM[0x02]: 0000003a 8000 0000 8000 0015 
 ITEM[0x03]: 0000003b 8000 0000 8000 002d 
 ITEM[0x04]: 0000003c 8000 0000 8000 0035 
 ITEM[0x05]: 0000003d 8000 0000 8000 0029 
 ITEM[0x06]: 0000003e 8000 0000 8000 0031 
 ITEM[0x07]: 0000003f 8000 0000 8000 0001 
 ITEM[0x08]: 00000040 8000 0000 8000 0005 
 ITEM[0x09]: 00000041 8000 0000 8000 001a 
 ITEM[0x0a]: 00000042 8000 0000 8000 0016 
 ITEM[0x0b]: 00000043 8000 0000 8000 0010 
 ITEM[0x0c]: 00000044 8000 0000 8000 000a 
 ITEM[0x0d]: 00000045 8000 0000 8000 002c 
 ITEM[0x0e]: 00000046 8000 0000 8000 0034 
 ITEM[0x0f]: 00000047 8000 0000 8000 0028 
 ITEM[0x10]: 00000048 8000 0000 8000 0030 
 ITEM[0x11]: 00000049 8000 0000 8000 000d 
 ITEM[0x12]: 0000004a 8000 0000 8000 0007 
 ITEM[0x13]: 0000004b 8000 0000 8000 002f 
 ITEM[0x14]: 0000004c 8000 0000 8000 0037 
 ITEM[0x15]: 0000004d 8000 0000 8000 002b 
 ITEM[0x16]: 0000004e 8000 0000 8000 0033 
 ITEM[0x17]: 0000004f 8000 0000 8000 001b 
 ITEM[0x18]: 00000050 8000 0000 8000 0018 
 ITEM[0x19]: 00000051 8000 0000 8000 0017 
 ITEM[0x1a]: 00000052 8000 0000 8000 0014 
 ITEM[0x1b]: 00000053 8000 0000 8000 0011 
 ITEM[0x1c]: 00000054 8000 0000 8000 000b 
 ITEM[0x1d]: 00000055 8000 0000 8000 0027 
 ITEM[0x1e]: 00000056 8000 0000 8000 0026 
 ITEM[0x1f]: 00000057 8000 0000 8000 0024 
ENTRY[0x4]
 number of items = 0x12
 ITEM[0x00]: 00000058 8000 0000 8000 0023 
 ITEM[0x01]: 00000059 8000 0000 8000 003b 
 ITEM[0x02]: 0000005a 8000 0000 8000 003a 
 ITEM[0x03]: 0000005b 8000 0000 8000 002e 
 ITEM[0x04]: 0000005c 8000 0000 8000 003f 
 ITEM[0x05]: 0000005d 8000 0000 8000 003e 
 ITEM[0x06]: 0000005e 8000 0000 8000 0036 
 ITEM[0x07]: 0000005f 8000 0000 8000 000e 
 ITEM[0x08]: 00000060 8000 0000 8000 000c 
 ITEM[0x09]: 00000061 8000 0000 8000 0039 
 ITEM[0x0a]: 00000062 8000 0000 8000 0038 
 ITEM[0x0b]: 00000063 8000 0000 8000 002a 
 ITEM[0x0c]: 00000064 8000 0000 8000 003d 
 ITEM[0x0d]: 00000065 8000 0000 8000 003c 
 ITEM[0x0e]: 00000066 8000 0000 8000 0032 
 ITEM[0x0f]: 00000067 8000 0000 8000 0008 
 ITEM[0x10]: 00000068 8000 0000 8000 0006 
 ITEM[0x11]: 00000069 8000 0000 8000 0003 

-------------------
 INDEX BUFFER LIST 
 0x00010007        
-------------------

number of index buffers = 0x2

INDEX BUFFER[0x00]
 elem = 0x00006ada
 type = 0x00000010
 unknown = 0x00000000

INDEX BUFFER[0x01]
 elem = 0x00000b56
 type = 0x00000010
 unknown = 0x00000000

---------------------
 SURFACE INFORMATION 
 0x00010008          
---------------------

number of entries = 0x5

SURFACE DATA
 0x800000d0 0x00000000 0x00000000 0x00000000 0x00000000 0x00000000 0x00000000 0x00000000 0x00000001 0x00000004 0x00000000 0x0000249f 0x00000000 0x00003ca0
 0x800000d0 0x00000000 0x00000001 0x00000000 0x00000000 0x00000001 0x00000001 0x00000000 0x00000001 0x00000004 0x0000249f 0x00001b0e 0x00003ca0 0x00002afa
 0x800000d0 0x00000000 0x00000002 0x00000000 0x00000000 0x00000002 0x00000002 0x00000000 0x00000001 0x00000004 0x00003fad 0x0000022e 0x0000679a 0x00000340
 0x80000050 0x00000001 0x00000003 0x00000001 0x00000000 0x00000003 0x00000003 0x00000001 0x00000001 0x00000004 0x00000000 0x00000591 0x00000000 0x000009dc
 0x80000050 0x00000001 0x00000004 0x00000001 0x00000000 0x00000003 0x00000003 0x00000001 0x00000001 0x00000004 0x00000591 0x000000c8 0x000009dc 0x0000017a

surface_000_ref_00 is tied to bone 0x0000.
surface_001_ref_00 is tied to bone 0x0000.
surface_002_ref_00 is tied to bone 0x0000.
surface_003_ref_00 is tied to bone 0x0000.
surface_004_ref_00 is tied to bone 0x0000.

